 723 744 674 371 719 884 600   9 475 896 689 630  12 741   1 128
 303 418 348 255 213 485 998 795 763  79 441 713 813  68 793 681
  27 995 686  54 416  67 384 137 928  59 565 602 239 165 404 145
 695 497 360 514 955 108 350 553  76 109 613  69 973  70 787 330
 646 401 105 216 276 282 142   8 263 116 879 225 864 143 870 309
  74 151 100 805 389 160 352 679 490 875 767 533 688 811 957 790
 266 328 860 318 749   5   7 264 781 546 808 161 495 502  50 772
 337 712 231 424 620 563 446 445 887 101 417 433 322 807 447 865
 925 792 665 691 778 774 168 473 617 454 821  78 494  91  28 652
 757 414 768  57 325 391 824 702 677 735 136 776 653 442 229 956
 522 212 516 204 881 734 299 293 509 399 806 747 732  13 102 560
 410 423 158 162 642 629 762 803 701 935 141 474 287 760 637 938
 708 463 227 880   4 356 367 855  37 673 752 439 810 953 895 664
 699 777 638 338 298 972 238 357  41 595 472 470  44 537 123 468
 438 839 373  73 615 826 402 132 632 918 817 451 667 963 609 499
 334 812 432 483 520 268 148 488 676 931 635 800 312 528 547 697
 724 270 588 529 147 344 178 195 604 927 593 844 167 696  85 185
 627 603 550 873 425   3 940 413 829 448 573 122 253 980 587 538
 228  39 260 968 206 596 246 181 256 283 871 200 852 342 192  61
 911 703 134  99 748 121 427 524  55 941 946  95 775 678 932 759
 991 861  36 340  43 252 163 232 709  93 846 993 820 333 535 958
 130 254 954 304 827 868 969 770 504 755 960 190 554 644 663  17
 510 398 834 273 244 766 405 764  52 590 882 250 872 648 157 975
 498 835 149 568 278 675 889 878 479 459 836 203 111 639 828 578
 406 449 816 305 842 982 175 365 235 599 725 426 559 923 208 369
 888 379 301 396 261  11 939 272 907 395 211 658 685  38 552 462
 722   2  87 480 205 221 329  24 924 521 634 555 368  75 589 290
  31 738 782 721 936 830 944 139  30 802 964 296 184 187 288  16
 687 295 249 605 259 207 684 280 183 362 785 277  92 558  35 317
 909  82 450  34 950 916   6 978 335 326 832  83 999  80 706 428
 921 989 346  45 487 597 621 126 822  97 233  98 902 714  26 477
 977  53  18 119 115  94 863 436 361 783 994 125 851  40 743 858
 987 771  15 512 990 431 623 351 237 358 380 711 243 289 862 598
 124 997 728 377 531 789 562 150 857 952 974 349 761 407 893 949
 971 564 626 640 853 557 910 866 579 375 242 753 133 586 400 364
 930 736 756 698 908  22 177 381 152 409 316 831 885 739 302 159
 453  60 291  47 297 345 443 976 779 718 608 791 182 877 650  33
 580 797 198 894 196 622 786 383 530 986 186 189 467 959 506 837
 819 434  77 113 705 815 985 285 715 729 716 611 103 444 482 191
 758 847 647 680 556 526 570 374  23 965 575 378 592 420  81 315
 171 838 856 437 651  48 970 542 666 992 799 408 845 478 114 668
 466 631 780 429 945 321 606  14 693 859 193 486 461 320 173 386
 527 505 484 906 840 897 388 900 545 465 912 700 825 867 300 169
 569 624 310 661 307 336 179 610 751 118 392 517 107 172 110 117
 704 500 541 313 274 271 306 534  86 594 194 996 612 202 269 241
 942 643 188 926 166 543 284 519 314 155 343 493 619 694 215 788
 574 129 201 140 823 549 917 890 359 966 106 690 366 585 645 951
  19 730  64 784  46  71 740 657 854 649 501 614 393 662 281 120
 146 491  25 197 903 616 311  63 961 682 412 507 476 440 354 411
 387 214 508 582 265 199  21 170 180 327 323 984 672 382 561 717
 804 683  89  42 850  62 394 920 223 209  72 279 262  90 135 532
 245 248 548 731 656 742 814 901 618 584 983 765 153 154 899 308
 127 144 435 892 544 455 794 353 217 746 218 843 523 421 962 390
 891 503 230 654  49 525 750 464 456 737 948 692 339 769 636 934
 710 577 355 347 457 319 914 164 258 669 539 286 566 332 226 625
 833 492 933 331 240 773 720 898 567 571 937 551 979 156 659 104
 422 943 452 370 
